-0.017481 
0.002119 
0.009439 
-0.006474 
-0.004451 
0.019610 
-0.001831 
-0.008117 
-0.002662 
-0.001674 
-0.003018 
0.009919 
0.018250 
0.004498 
-0.016212 
0.001522 
0.006353 
-0.012536 
0.001569 
0.011922 
0.014552 
0.004239 
-0.022123 
-0.003371 
-0.003578 
-0.008582 
0.005059 
0.019204 
-0.015746 
-0.016703 
0.003552 
0.013278 
-0.001976 
0.014681 
0.002550 
-0.000092 
0.029086 
0.013357 
0.006928 
0.006736 
0.008412 
0.002540 
0.013040 
-0.000369 
-0.010049 
0.003805 
-0.006626 
0.010476 
-0.009298 
-0.018032 
0.020049 
0.006043 
-0.004461 
-0.031308 
-0.004549 
-0.011524 
-0.006176 
-0.019819 
-0.041665 
-0.007489 
-0.006140 
-0.004676 
-0.017589 
0.003305 
0.000302 
-0.007424 
0.016377 
-0.000838 
0.018775 
0.007236 
0.007820 
0.004275 
-0.003129 
0.001106 
-0.006786 
0.010576 
0.011535 
0.005609 
-0.003012 
0.011524 
0.007852 
0.011234 
-0.013208 
0.005445 
-0.022094 
0.012983 
-0.009876 
-0.010352 
0.005462 
0.004360 
-0.004031 
-0.011571 
-0.029007 
-0.003657 
-0.009501 
0.005145 
-0.004809 
-0.001529 
-0.007092 
-0.010375 
-0.005146 
0.001264 
0.007072 
0.019035 
0.022884 
0.016745 
0.021094 
0.027171 
-0.007678 
0.001715 
-0.004534 
0.008130 
-0.009103 
-0.016694 
-0.012201 
0.014280 
-0.003420 
0.020473 
0.000487 
0.009926 
-0.016158 
0.002434 
0.001588 
0.012847 
-0.008136 
0.012696 
-0.011807 
0.006496 
-0.007652 
-0.004675 
-0.004817 
0.002843 
0.020930 
0.015381 
0.006068 
0.002637 
-0.012559 
0.019619 
-0.006750 
0.020426 
-0.001559 
-0.019064 
-0.005778 
0.000651 
-0.017130 
0.004432 
-0.002153 
0.005718 
0.018480 
-0.022449 
-0.008465 
-0.001094 
0.025176 
-0.005413 
0.021037 
-0.011251 
0.000663 
0.002924 
0.020679 
0.006108 
0.023880 
0.004883 
0.013155 
-0.001433 
0.018538 
0.006478 
0.000510 
0.000771 
-0.004324 
-0.019627 
0.006332 
-0.011055 
-0.014645 
0.008272 
0.008468 
0.005464 
-0.002096 
0.001298 
-0.000966 
-0.003931 
-0.015562 
-0.011619 
-0.002258 
0.005578 
-0.009954 
0.010745 
0.007414 
-0.000329 
0.004960 
-0.006982 
-0.024134 
-0.005493 
-0.001294 
-0.008801 
-0.016605 
0.011678 
-0.000275 
0.010099 
0.003715 
0.015785 
0.017650 
0.010621 
0.001162 
0.006159 
-0.001187 
0.009402 
-0.002060 
-0.015837 
-0.005803 
0.003539 
-0.009746 
-0.010483 
0.012427 
0.006402 
0.005029 
0.012357 
-0.020034 
-0.014092 
-0.001595 
-0.015507 
0.005500 
0.005022 
0.000559 
-0.011358 
-0.024691 
0.011281 
-0.014377 
0.004496 
0.016005 
-0.008055 
-0.005603 
0.015000 
-0.014602 
-0.003685 
0.007165 
0.000309 
0.007726 
0.008678 
0.007514 
-0.011938 
-0.005901 
0.008752 
0.000712 
0.000058 
-0.016498 
-0.004055 
-0.012766 
0.012524 
0.013218 
0.006111 
-0.002226 
0.005087 
-0.000141 
0.015634 
-0.000474 
0.019517 
-0.006918 
0.007384 
0.003793 
0.004970 
-0.005926 
-0.006023 
-0.021168 
-0.003193 
0.001362 
0.005161 
-0.003405 
0.003712 
-0.006960 
-0.015321 
0.004281 
0.004678 
0.007041 
0.007373 
0.004351 
0.003635 
-0.005858 
-0.023924 
-0.008354 
0.003236 
0.007248 
-0.006174 
0.022522 
0.021874 
0.010287 
-0.001018 
-0.005624 
-0.006558 
-0.003752 
0.021473 
0.016446 
0.010742 
0.008128 
0.006342 
0.015643 
0.011536 
0.002995 
0.005712 
-0.019976 
-0.000101 
-0.007705 
-0.002390 
0.005748 
-0.009082 
-0.009390 
0.007703 
0.008103 
-0.008436 
0.023999 
0.002722 
0.007806 
-0.015638 
0.009665 
-0.008594 
0.002251 
0.004440 
0.013697 
-0.017392 
0.011560 
-0.007729 
-0.004168 
0.006741 
-0.003298 
0.016505 
0.021167 
0.009099 
0.034856 
-0.010130 
-0.007502 
0.004521 
-0.004064 
-0.008150 
-0.003571 
0.004977 
0.018864 
-0.010614 
-0.008610 
0.004713 
-0.016652 
-0.008404 
-0.011529 
-0.016475 
-0.016051 
0.021650 
0.005329 
0.010090 
-0.011691 
-0.013660 
-0.016025 
-0.002697 
-0.009043 
0.020646 
-0.015482 
0.008673 
-0.008410 
0.005663 
-0.000153 
0.014410 
0.010290 
-0.005734 
0.007585 
0.000977 
0.009451 
-0.000916 
0.004901 
-0.005325 
-0.025310 
-0.001937 
0.020527 
0.003731 
-0.007016 
0.000280 
-0.009816 
0.007482 
0.017284 
0.000111 
0.012993 
0.014289 
0.012050 
0.004312 
0.000882 
0.009054 
0.001836 
0.015608 
0.015186 
-0.012395 
-0.018191 
-0.014193 
-0.013093 
0.028142 
0.005402 
0.016104 
-0.009933 
0.008818 
-0.008670 
-0.000940 
-0.022929 
-0.007981 
0.006213 
-0.009285 
0.001723 
0.011412 
-0.004507 
0.012736 
0.009323 
0.023788 
0.013986 
0.001221 
0.004845 
0.004555 
0.007422 
0.059675 
0.018754 
0.011169 
0.005642 
-0.000501 
0.026326 
-0.005599 
0.025467 
0.010037 
0.003124 
0.011732 
0.009356 
-0.021625 
-0.004625 
-0.012029 
-0.005466 
-0.006883 
-0.018184 
0.002042 
-0.007751 
-0.018079 
0.000783 
-0.005746 
-0.003757 
-0.010274 
-0.013783 
0.008950 
-0.001942 
-0.004481 
0.012745 
0.006859 
0.007341 
0.007973 
-0.006246 
-0.000908 
0.013446 
0.015515 
0.024677 
0.017770 
0.011502 
-0.000022 
0.008138 
0.012095 
-0.010565 
0.012892 
-0.011440 
0.012281 
0.007990 
0.001613 
0.002977 
0.012245 
-0.005986 
0.013537 
0.022695 
0.006926 
-0.003703 
0.004623 
-0.022291 
-0.011185 
0.001826 
0.000971 
-0.006318 
-0.014028 
-0.007966 
0.006806 
-0.016373 
-0.002985 
0.009435 
0.011485 
-0.007238 
0.019861 
0.007610 
0.004301 
0.018583 
-0.008689 
-0.006403 
-0.010271 
-0.006616 
0.002244 
0.006195 
0.001860 
0.015207 
0.010966 
0.028960 
0.002175 
-0.003111 
-0.000022 
0.000498 
-0.007793 
-0.005409 
0.006786 
-0.011952 
0.017887 
-0.008188 
0.017599 
0.008475 
0.020962 
0.000630 
0.013718 
-0.012808 
-0.011297 
-0.000254 
-0.009608 
0.014677 
-0.030464 
0.009188 
0.000594 
-0.016902 
-0.003202 
0.007085 
0.010330 
-0.014188 
0.004227 
0.006450 
0.013924 
0.008602 
0.016037 
-0.001875 
-0.011361 
-0.003638 
0.004306 
-0.009066 
0.002192 
-0.004879 
-0.000367 
-0.014210 
-0.005932 
0.002650 
-0.003394 
-0.010086 
0.033836 
0.000750 
0.020279 
-0.001745 
0.012770 
0.013643 
-0.005578 
0.003369 
-0.003358 
-0.006542 
0.009847 
0.009339 
0.000628 
0.007428 
0.004143 
0.010046 
-0.002841 
-0.015243 
-0.019676 
0.008215 
0.013305 
-0.004033 
-0.029812 
-0.000420 
-0.021180 
-0.000703 
-0.002453 
0.007155 
-0.000961 
-0.011028 
0.032672 
-0.002488 
0.012579 
0.018189 
-0.004788 
0.013542 
0.009861 
0.033810 
0.014172 
0.002880 
-0.003435 
-0.018462 
0.012970 
0.000553 
-0.002196 
-0.013306 
0.001405 
0.000323 
-0.004552 
-0.008346 
-0.002352 
-0.000642 
0.021611 
0.003436 
0.003680 
-0.009179 
0.006461 
-0.003237 
-0.007453 
0.006244 
-0.007127 
-0.002169 
0.013185 
-0.003491 
0.008168 
-0.017500 
-0.012394 
-0.006396 
0.000440 
0.010185 
-0.009018 
-0.006600 
0.019708 
0.006077 
0.016467 
-0.003049 
0.019678 
-0.024258 
-0.003861 
0.009886 
0.013929 
-0.023817 
-0.024762 
0.013677 
-0.001256 
0.002043 
-0.011402 
0.013249 
0.018888 
0.013015 
-0.009224 
-0.005225 
-0.002478 
0.000805 
-0.005546 
0.005344 
0.007336 
0.001803 
-0.003793 
-0.011569 
-0.012573 
-0.004964 
-0.011775 
-0.009752 
-0.008916 
-0.025109 
0.014378 
0.010858 
-0.000706 
-0.007588 
-0.008518 
-0.001387 
0.003867 
0.002478 
-0.000034 
-0.012220 
0.005658 
0.001010 
-0.013836 
0.008679 
0.018055 
0.005996 
-0.006499 
0.007815 
0.026518 
-0.005400 
0.019541 
-0.008434 
0.006818 
-0.002727 
-0.002528 
0.004906 
0.011027 
0.001579 
0.003100 
0.009468 
0.028508 
0.012087 
0.010052 
-0.023774 
-0.005458 
0.002279 
0.000061 
0.004008 
0.001910 
0.008865 
0.004021 
-0.025095 
-0.008803 
-0.019785 
0.005653 
0.006666 
0.011802 
0.001902 
-0.000784 
0.000289 
0.026865 
-0.001169 
-0.012595 
0.032124 
-0.002988 
0.006257 
0.022119 
0.008379 
-0.009900 
0.031710 
0.001234 
-0.002762 
-0.016667 
0.001430 
0.004412 
-0.019052 
-0.010043 
-0.016822 
-0.002832 
0.013427 
-0.002533 
-0.018370 
-0.003255 
-0.006471 
0.007403 
-0.000393 
0.012450 
-0.005897 
0.001786 
-0.029703 
0.007439 
0.011044 
0.014712 
-0.002010 
-0.000578 
0.005957 
-0.002935 
0.014823 
0.009936 
0.011970 
-0.003069 
-0.003509 
0.013090 
-0.010183 
0.014223 
-0.000130 
-0.010901 
0.001102 
0.010495 
0.008435 
-0.006021 
-0.014313 
-0.008305 
-0.014503 
0.013951 
0.013546 
-0.012218 
-0.022799 
0.000589 
0.010837 
0.023128 
0.002685 
-0.004201 
-0.003448 
0.016046 
0.009936 
0.013248 
-0.015837 
0.004386 
-0.000543 
0.020067 
0.013428 
-0.008705 
0.010217 
0.015973 
0.011588 
-0.018230 
0.000988 
0.021323 
0.016666 
0.041412 
0.026196 
-0.006885 
0.004987 
0.021534 
0.009588 
-0.011360 
0.008623 
0.012776 
-0.003231 
-0.006223 
-0.009068 
0.016773 
-0.014578 
0.007041 
-0.006231 
-0.015399 
0.003262 
0.013944 
0.011647 
0.010235 
-0.006296 
-0.011886 
0.013503 
-0.000502 
0.032883 
0.006535 
-0.001027 
-0.007173 
-0.018457 
-0.010507 
-0.009338 
-0.000930 
0.004267 
-0.021221 
-0.013517 
0.001663 
0.026025 
-0.012291 
-0.001239 
-0.004497 
-0.013435 
0.008390 
-0.011276 
0.013935 
-0.020127 
0.011963 
0.004442 
0.005088 
0.021897 
-0.012505 
0.019550 
0.003052 
-0.014231 
0.021854 
0.001959 
0.010989 
-0.014683 
0.013176 
-0.017799 
-0.002254 
-0.002258 
-0.007624 
0.005732 
0.008185 
-0.011635 
0.014012 
0.004831 
0.001080 
-0.005637 
0.005800 
0.006910 
0.008816 
-0.000081 
-0.006064 
-0.005417 
0.005932 
-0.007209 
-0.013854 
0.002523 
0.019661 
-0.023733 
-0.012455 
0.003604 
-0.014338 
0.010934 
0.001641 
0.013875 
-0.004536 
-0.011795 
0.022266 
-0.013081 
0.011745 
0.023049 
0.023669 
-0.003698 
0.014553 
0.020421 
0.005292 
-0.000608 
-0.006425 
0.002414 
-0.019562 
-0.007666 
-0.000074 
0.016168 
0.021354 
0.015298 
0.007446 
0.024588 
-0.008684 
-0.005349 
0.001680 
0.002043 
0.003618 
-0.005527 
-0.018000 
-0.016782 
0.012595 
0.008034 
0.004559 
0.001177 
0.012147 
0.009333 
0.007889 
-0.010006 
0.009348 
0.004053 
0.010529 
-0.024717 
-0.004235 
0.010873 
0.004789 
0.004535 
-0.001033 
0.014074 
-0.005455 
0.019134 
-0.001306 
-0.002302 
0.002128 
-0.011870 
0.006783 
-0.002886 
-0.005367 
-0.002610 
0.006072 
0.005116 
0.014509 
-0.009047 
0.005913 
0.000260 
-0.007241 
0.018726 
0.014451 
0.010882 
0.009837 
-0.015016 
0.010779 
-0.005815 
0.008533 
0.009711 
-0.014076 
-0.017410 
0.009193 
-0.009653 
0.004029 
0.002835 
0.002494 
-0.001333 
-0.011140 
0.016420 
0.010985 
-0.026900 
-0.002437 
-0.002459 
0.002169 
-0.001099 
0.005283 
0.002694 
-0.000562 
-0.005218 
-0.015726 
-0.009028 
-0.005896 
0.001869 
0.016248 
0.001492 
0.013708 
-0.002230 
0.022097 
0.016467 
-0.000330 
-0.002212 
0.005334 
-0.011022 
0.008591 
0.002089 
-0.001531 
-0.001622 
-0.001946 
0.008642 
-0.000447 
0.009188 
-0.007168 
-0.011102 
-0.013068 
0.032464 
-0.011257 
-0.016333 
-0.002638 
0.002014 
0.016269 
0.021466 
0.007358 
0.004749 
0.003256 
-0.000708 
0.000729 
0.003646 
0.015105 
-0.021924 
0.002623 
0.000367 
0.022813 
0.000738 
0.017567 
0.014963 
0.012759 
-0.004892 
0.007895 
0.008120 
-0.011014 
0.002354 
-0.003589 
-0.015212 
0.031026 
-0.007419 
0.006579 
-0.018096 
0.019356 
0.026827 
-0.002685 
0.009004 
0.013598 
0.015388 
0.007493 
0.008738 
0.000779 
0.002645 
-0.008983 
-0.009526 
0.019756 
-0.002554 
0.002494 
0.018541 
0.018553 
-0.016930 
0.016859 
-0.003758 
-0.001396 
-0.006904 
0.011645 
-0.008630 
0.002197 
-0.007045 
-0.015237 
-0.009382 
0.009582 
-0.009521 
-0.019025 
-0.001894 
-0.004571 
-0.001064 
-0.005915 
-0.000727 
-0.015312 
0.002217 
0.009387 
-0.009385 
0.015343 
0.003662 
0.000608 
0.002129 
-0.002626 
0.001652 
-0.003716 
-0.003193 
0.005377 
0.014357 
0.010050 
0.017127 
0.018459 
-0.009098 
-0.011823 
0.002390 
-0.001060 
-0.009976 
-0.014335 
0.004496 
-0.024549 
-0.009773 
0.002722 
-0.001573 
-0.003381 
-0.014650 
-0.009817 
-0.003740 
-0.015214 
-0.005048 
-0.009661 
-0.004485 
-0.013131 
0.010849 
-0.011595 
-0.005110 
-0.011826 
0.002880 
0.019624 
0.012398 
0.007097 
0.007646 
0.028757 
-0.009340 
0.007770 
0.009114 
0.013026 
0.028601 
0.016427 
0.002378 
0.014181 
-0.013542 
-0.000994 
-0.000297 
-0.001342 
0.011672 
-0.012577 
0.001354 
-0.002632 
-0.021198 
-0.009127 
0.003104 
-0.003904 
-0.018316 
0.003702 
-0.005131 
0.006010 
0.012451 
0.001593 
-0.012898 
-0.000690 
-0.001487 
-0.013360 
-0.002594 
0.013340 
-0.002130 
-0.018228 
0.008855 
0.001399 
-0.019408 
0.003561 
-0.006671 
0.001617 
0.000963 
0.015274 
0.006911 
-0.005288 
0.000142 
0.009793 
0.002916 
-0.010954 
0.021958 
-0.011269 
-0.002967 
0.008088 
-0.005321 
0.006720 
0.012861 
0.003512 
0.001023 
0.010266 
-0.005810 
0.023005 
-0.004393 
-0.002523 
-0.007933 
-0.029117 
-0.012514 
0.001751 
0.012143 
0.002367 
-0.005413 
-0.001171 
-0.002438 
-0.014287 
0.003667 
0.003284 
-0.002742 
-0.005749 
-0.008459 
-0.005283 
0.000943 
0.030893 
0.010914 
-0.016734 
0.017127 
0.012119 
0.025629 
-0.008228 
-0.005827 
-0.004903 
0.006826 
0.006499 
0.010349 
-0.000136 
0.007257 
0.015663 
-0.006324 
0.011128 
-0.002492 
-0.002428 
-0.005264 
-0.003902 
0.029518 
-0.009431 
-0.021227 
0.004201 
0.008821 
-0.001578 
-0.000398 
0.003679 
0.003243 
0.006911 
-0.016457 
-0.015005 
-0.000643 
-0.000754 
-0.002138 
0.012776 
0.024038 
0.005408 
0.003965 
0.015816 
-0.001405 
0.023129 
0.001241 
-0.002405 
0.010305 
0.015362 
-0.021469 
0.009741 
-0.004209 
0.014805 
0.000142 
0.016178 
0.010011 
-0.030885 
-0.012695 
-0.005021 
0.001846 
-0.001259 
-0.007123 
-0.004693 
-0.011279 
-0.009837 
-0.003531 
-0.009050 
-0.013978 
-0.010125 
-0.000812 
0.000268 
0.002797 
-0.006254 
0.010264 
-0.015318 
0.003337 
0.006248 
0.028250 
-0.028777 
0.002269 
0.004210 
0.007649 
0.009038 
-0.007209 
0.011210 
-0.004321 
-0.001597 
0.016221 
-0.006552 
0.000484 
0.004507 
-0.005081 
-0.009355 
0.010569 
0.002232 
0.011299 
0.004866 
0.004510 
0.006560 
-0.009043 
0.009647 
0.018025 
0.008697 
-0.002992 
0.006441 
0.008942 
-0.000032 
-0.003017 
-0.011439 
0.003197 
-0.011390 
-0.006476 
-0.006236 
0.006921 
-0.006613 
-0.002866 
0.000863 
-0.012301 
-0.010489 
-0.005608 
-0.009630 
0.005977 
-0.015279 
0.004359 
0.000175 
-0.002692 
-0.017541 
-0.005267 
0.017191 
0.014707 
0.016693 
0.015581 
0.006003 
-0.000552 
-0.007172 
-0.000790 
-0.003796 
-0.020647 
0.006907 
0.015131 
-0.001655 
0.018656 
0.022373 
0.023604 
0.009937 
0.008662 
-0.013382 
-0.007446 
-0.011714 
0.003216 
-0.004664 
-0.007932 
-0.003056 
-0.004959 
0.000783 
-0.005044 
0.013699 
0.013251 
0.001101 
0.000006 
-0.012247 
-0.007991 
0.011906 
-0.016414 
0.017004 
0.015227 
0.006039 
-0.032981 
0.000548 
-0.010315 
-0.009263 
0.019732 
0.013078 
0.016405 
0.015042 
0.001395 
0.010658 
-0.003472 
0.016317 
0.031186 
0.007932 
0.038488 
-0.002838 
-0.014172 
0.006221 
-0.015478 
0.000955 
0.006352 
-0.002045 
0.011148 
0.000960 
-0.006887 
0.023292 
0.014222 
-0.003414 
0.009273 
0.020043 
0.015670 
-0.006843 
-0.009500 
-0.008134 
0.003649 
-0.000182 
0.005851 
0.016738 
0.007024 
0.013984 
0.006841 
-0.004897 
0.023691 
-0.001968 
0.000910 
-0.004214 
0.007973 
0.005774 
-0.016085 
-0.016445 
-0.004218 
0.019563 
-0.001958 
0.005411 
-0.012055 
0.019011 
-0.005451 
-0.002174 
0.008223 
-0.002144 
0.009780 
0.017718 
-0.004077 
0.020983 
0.005487 
-0.000346 
-0.001009 
0.006257 
0.012363 
-0.009701 
0.023754 
-0.019446 
-0.004749 
0.005368 
0.003027 
-0.007051 
-0.001266 
-0.020757 
0.015233 
-0.007654 
-0.028986 
-0.006923 
-0.008789 
0.007565 
-0.013389 
-0.006182 
-0.016540 
0.039028 
-0.002447 
0.012120 
0.003167 
-0.008418 
0.011145 
0.007247 
0.014463 
0.016811 
-0.007016 
0.025939 
0.004379 
0.018675 
0.006511 
0.014987 
-0.004660 
-0.007083 
-0.002057 
0.007382 
-0.021752 
0.000455 
0.002066 
0.012185 
-0.018641 
0.007908 
0.005881 
-0.014443 
0.016454 
-0.012926 
-0.005775 
-0.008242 
0.014547 
-0.009765 
-0.004285 
-0.007956 
0.000395 
0.006951 
0.028050 
0.043124 
0.020748 
0.008146 
-0.006743 
-0.002101 
0.010174 
0.002979 
0.024113 
0.014951 
-0.001867 
-0.000493 
-0.009037 
-0.005387 
0.005260 
0.012833 
-0.017430 
-0.000615 
0.009286 
-0.011244 
0.007685 
-0.006432 
-0.008292 
-0.002268 
-0.004188 
0.013168 
-0.019487 
-0.009086 
0.010811 
-0.019766 
-0.018014 
-0.002778 
0.001506 
-0.000244 
-0.022563 
0.004586 
-0.003846 
-0.009308 
-0.010676 
-0.010125 
0.005263 
-0.006453 
-0.000083 
0.011509 
-0.007182 
-0.008032 
0.002018 
0.007898 
-0.004875 
0.000775 
0.012643 
-0.002545 
0.014538 
0.004256 
0.007338 
0.008191 
0.014877 
0.011386 
0.006791 
-0.009112 
-0.013171 
0.027007 
-0.007030 
0.007902 
-0.010835 
-0.001159 
0.008959 
-0.012120 
0.000297 
-0.000373 
-0.014033 
-0.012383 
-0.012223 
-0.003803 
-0.006766 
0.037410 
0.005451 
0.012436 
-0.005240 
0.007491 
-0.010653 
-0.000348 
0.015564 
-0.020056 
-0.006331 
-0.003845 
0.000844 
0.003156 
-0.014733 
0.005411 
-0.014841 
0.008854 
0.004239 
0.018755 
0.027634 
-0.013404 
-0.003649 
0.005269 
-0.001755 
0.003737 
0.008648 
0.014970 
-0.000037 
-0.001629 
0.005478 
0.005076 
0.000225 
0.013061 
-0.004565 
0.003743 
-0.010958 
-0.007608 
0.006987 
0.022507 
0.002573 
0.003079 
-0.021484 
0.000487 
0.005269 
0.014024 
-0.006221 
0.002471 
-0.013461 
-0.024969 
-0.014115 
0.001390 
0.002928 
0.018486 
0.009332 
-0.005444 
0.011019 
0.003922 
-0.007803 
-0.004729 
-0.003375 
0.009022 
-0.015307 
-0.001430 
0.003586 
-0.008329 
0.011276 
0.014751 
0.011619 
0.001782 
0.004593 
-0.021459 
-0.015071 
0.017930 
-0.032110 
0.019406 
0.010250 
0.021341 
-0.021842 
0.008181 
0.006824 
-0.019084 
-0.002629 
0.005880 
-0.007063 
0.016501 
-0.013833 
-0.016050 
0.007180 
-0.024825 
0.002097 
-0.005326 
0.007854 
0.002354 
0.003291 
-0.008958 
0.013981 
0.026942 
0.025135 
-0.009141 
-0.005439 
-0.012266 
0.002764 
-0.008411 
0.001577 
0.003310 
-0.003922 
0.015717 
0.005234 
0.001405 
-0.008853 
0.010048 
0.014018 
0.006832 
-0.006943 
-0.000472 
0.010825 
0.023477 
-0.006874 
0.024517 
0.008534 
-0.005644 
0.006298 
-0.020224 
-0.014310 
-0.000204 
0.000036 
0.001877 
-0.006942 
-0.017760 
-0.017268 
-0.019638 
0.017112 
0.004696 
0.019471 
-0.019379 
0.006744 
0.002427 
-0.010302 
-0.003663 
-0.021499 
0.013323 
0.011070 
0.000723 
0.003406 
-0.005738 
-0.000554 
-0.011651 
0.019445 
0.015085 
0.005083 
0.004145 
0.007148 
0.015435 
0.001086 
0.014016 
-0.008159 
-0.002051 
-0.002344 
0.000716 
-0.004801 
0.006458 
0.007092 
0.006981 
-0.013267 
-0.012916 
-0.008739 
-0.012403 
-0.012007 
-0.021430 
-0.012411 
0.006391 
-0.025472 
-0.000744 
-0.007164 
-0.005066 
-0.005694 
0.019913 
0.002189 
0.009288 
-0.012968 
-0.004253 
0.002468 
-0.007184 
0.003773 
-0.000289 
0.009131 
0.000937 
-0.014771 
0.009890 
0.014301 
-0.005974 
-0.005107 
0.011495 
-0.002114 
0.018974 
-0.003154 
0.013687 
0.008116 
-0.004452 
-0.005765 
-0.002050 
-0.014406 
0.001876 
-0.006226 
-0.015155 
-0.001484 
0.005046 
0.039481 
-0.009261 
-0.004235 
-0.011784 
-0.015287 
-0.011451 
0.006832 
0.011884 
-0.014669 
-0.002566 
0.001994 
-0.003164 
-0.006766 
0.003682 
-0.367769